0.125	0.333	0.000	0.000	0.729	0.615
0.125	0.333	0.000	0.000	0.147	0.612
0.375	0.666	0.000	0.000	0.155	0.413
0.250	0.333	0.000	0.000	0.457	0.000
0.375	0.333	0.000	0.000	0.000	0.000
0.250	1.000	0.000	0.000	0.254	0.869
0.250	0.666	0.000	0.000	0.317	0.704
0.000	0.333	0.000	0.000	0.674	0.000
0.375	0.333	0.000	0.000	0.000	0.840
0.375	0.333	0.000	0.000	0.366	0.856
0.375	0.666	0.000	0.000	0.900	0.000
0.500	0.333	0.000	0.000	0.000	0.000
0.000	0.333	0.000	0.000	0.000	0.000
0.250	0.666	0.000	0.000	0.344	0.918
0.125	0.333	0.000	0.000	0.000	0.821
0.125	0.666	0.000	0.000	0.000	0.000
0.375	0.333	0.000	0.000	0.000	0.926
0.375	0.666	0.000	0.000	0.158	0.000
0.750	0.666	0.000	0.000	0.000	0.772
0.375	0.666	0.000	0.000	0.195	0.000
0.250	0.333	0.000	0.000	0.000	1.000
0.250	0.000	0.000	0.000	0.000	0.688
0.375	0.000	0.000	0.000	0.680	0.856
0.125	0.333	0.000	0.000	0.224	0.586
0.500	0.000	0.000	0.000	0.316	0.000
0.375	0.333	0.000	0.000	0.000	0.000
0.000	0.000	0.000	0.000	0.265	0.691
0.750	0.666	0.000	0.000	0.460	0.882
0.000	0.000	0.000	0.000	0.000	0.856
0.250	0.333	0.000	0.000	0.000	0.000
0.500	0.666	0.000	0.000	0.000	0.000
0.500	0.333	0.000	0.000	0.000	0.000
0.750	0.333	0.000	0.000	0.499	0.000
0.375	0.333	0.500	0.000	0.000	0.814
0.125	0.000	0.000	0.000	0.393	0.513
1.000	0.333	0.000	0.000	0.000	0.000
0.000	0.000	0.000	0.000	0.240	0.000
0.000	0.666	0.000	0.000	0.575	0.565
0.500	0.000	0.000	0.000	0.148	0.000
0.250	0.333	0.000	0.000	0.182	0.000
0.125	0.333	0.000	0.000	0.000	0.000
0.125	0.000	0.000	0.000	0.317	0.986
0.500	0.333	0.000	0.000	0.301	0.931
0.125	0.000	0.000	0.000	0.000	0.000
0.125	0.000	0.000	0.000	0.000	0.000
0.000	0.000	0.000	0.000	0.000	0.000
0.000	0.000	0.000	0.000	0.000	0.000
0.000	0.000	0.000	0.000	0.000	0.000
0.000	0.000	0.000	0.000	0.000	0.000
0.000	0.000	0.000	0.000	0.000	0.000
0.000	0.000	0.000	0.000	0.000	0.000
0.000	0.000	0.000	0.000	0.000	0.000
0.000	0.000	0.000	0.000	0.000	0.000
0.125	0.000	0.000	0.000	0.000	0.000
0.375	0.333	0.000	0.000	0.212	0.000
0.000	0.000	0.000	0.000	0.000	0.000
0.375	0.333	0.000	0.000	0.322	0.000
0.125	0.333	0.000	0.000	0.000	0.000
0.625	0.000	0.000	0.000	0.000	0.000
0.250	0.000	0.000	0.000	0.000	0.000
0.250	0.333	0.000	0.000	0.000	0.000
0.625	0.666	0.000	0.000	0.000	0.000
0.000	0.000	0.000	0.000	0.000	0.000
0.375	1.000	0.000	0.000	0.000	0.000
0.000	0.333	0.000	0.000	0.000	0.000
0.250	0.000	0.000	0.000	0.000	0.000
0.500	0.666	1.000	0.000	0.000	0.000
0.375	0.000	0.000	0.000	0.000	0.000
0.125	0.333	0.000	0.000	0.493	0.000
0.000	0.000	0.000	0.000	0.000	0.000
0.375	0.000	0.000	0.000	0.199	0.000
0.250	0.333	0.000	0.000	0.578	0.000
0.375	0.000	0.000	0.000	0.000	0.000
0.250	0.666	0.000	0.000	0.000	0.000
0.000	0.333	0.000	0.000	0.000	0.000
0.500	0.333	0.000	0.000	0.467	0.000
0.000	0.333	0.000	0.000	0.238	0.000
0.375	0.333	0.000	0.000	0.303	0.000
0.250	0.666	0.000	0.000	0.000	0.000
0.375	0.000	0.000	0.000	0.000	0.000
0.000	0.000	0.000	0.000	0.000	0.000
0.000	0.000	0.000	0.000	0.000	0.000
0.750	0.000	0.000	0.000	0.349	0.000
0.375	0.000	0.000	0.000	0.490	0.000
0.375	0.333	0.000	0.000	0.000	0.000
0.125	0.000	0.000	0.000	0.488	0.000
0.375	0.333	0.000	0.000	0.000	0.000
1.000	0.000	0.000	0.000	0.000	0.000
0.000	0.000	0.000	0.000	0.402	0.000
0.375	0.333	0.000	0.000	0.734	0.000
0.125	0.000	0.000	0.000	1.000	0.000
0.000	0.333	0.000	0.000	0.182	0.000
0.000	0.333	0.000	0.000	0.000	0.000
0.375	0.000	0.000	0.000	0.000	0.000
0.000	0.333	0.000	0.000	0.000	0.000
0.125	0.333	0.000	0.000	0.000	0.000
